000000
000011
000013
000016
000022
000034
000038
000041
000043
000054
000057
000069
000070
000079
000080
000097
000115
000120
000125
000127
000142
000154
000158
000164
000171
000205
000208
000217
000222
000225
000253
000258
000259
000261
000267
000271
000276
000287
000288
000298
000306
000318
000330
000371
000389
000390
000405
000410
000416
000418
000439
000465
000467
000474
000505
000516
000525
000529
000539
000552
000557
000570
000607
000633
000640
000643
000651
000665
000680
000685
000687
000695
000705
000709
000713
000714
000715
000719
000720
000723
000733
000743
000744
000753
000763
000777
000787
000788
000794
000814
000821
000822
000834
000870
000886
000888
000891
000934
000951
000977
000978
000989
000992
001003
001020
001028
001032
001033
001036
001038
001056
001062
001074
001080
001082
001100
001109
001117
001119
001128
001151
001157
001185
001190
001202
001229
001297
001298
001310
001316
001327
001340
001349
001351
001378
001379
001404
001405
001413
001417
001444
001454
001457
001459
001460
001462
001464
001467
001468
001472
001492
001505
001506
001518
001529
001532
001534
001541
001544
001548
001556
001571
001595
001598
001601
001604
001608
001637
001641
001646
001649
001651
001653
001659
001663
001673
001677
001679
001692
001724
001743
001753
001760
001767
001793
001809
001827
001841
001843
001876
001894
001895
001910
001917
001939
001947
001948
001963
001968
001971
001973
002005
002006
002009
002061
002063
002069
002070
002096
002106
002116
002132
002134
002141
002150
002167
002180
002195
002198
002199
002203
002212
002222
002236
002237
002238
002265
002302
002309
002312
002322
002324
002326
002333
002343
002351
002371
002373
002395
002396
002407
002409
002416
002437
002438
002449
002452
002467
002471
002480
002485
002489
002508
002527
002542
002576
002578
002592
002610
002652
002662
002671
002689
002703
002704
002716
002718
002734
002759
002766
002791
002792
002795
002807
002808
002813
002817
002821
002837
002843
002851
002852
002865
002868
002874
002886
002887
002888
002906
002909
002939
002943
002949
002952
002980
002983
002990
003002
003009
003012
003016
003028
003059
003077
003079
003084
003086
003095
003098
003111
003130
003139
003147
003169
003171
003173
003178
003193
003200
003205
003208
003209
003212
003230
003238
003243
003253
003263
003267
003278
003287
003290
003291
003297
003299
003327
003328
003340
003359
003361
003372
003387
003418
003420
003444
003446
003455
003459
003472
003498
003541
003545
003551
003556
003564
003579
003586
003587
003589
003591
003594
003599
003602
003626
003628
003636
003638
003656
003731
003754
003772
003773
003789
003792
003795
003796
003803
003806
003817
003836
003840
003861
003863
003871
003876
003888
003895
003910
003912
003918
003927
003941
003979
003985
004015
004044
004053
004054
004058
004073
004093
004094
004123
004133
004139
004141
004144
004166
004169
004170
004176
004178
004181
004184
004216
004229
004236
004240
004244
004261
004266
004267
004269
004273
004274
004276
004279
004310
004313
004328
004346
004356
004375
004378
004413
004417
004436
004442
004448
004463
004464
004468
004473
004478
004484
004492
004498
004512
004525
004538
004555
004563
004590
004595
004597
004605
004627
004637
004674
004678
004681
004727
004755
004784
004802
004809
004823
004827
004841
004844
004845
004847
004866
004878
004910
004925
004930
004933
004945
004950
004957
004982
004984
004987
004991
004992
005011
005016
005020
005023
005031
005043
005044
005066
005069
005083
005098
005100
005107
005111
005116
005123
005159
005173
005178
005200
005203
005205
005209
005216
005231
005232
005243
005245
005254
005258
005265
005269
005283
005285
005288
005300
005303
005305
005332
005346
005348
005352
005354
005383
005395
005398
005399
005403
005408
005410
005412
005438
005439
005446
005454
005485
005512
005516
005526
005527
005533
005541
005554
005562
005569
005612
005615
005620
005648
005654
005665
005670
005671
005684
005690
005694
005711
005718
005721
005730
005733
005734
005742
005756
005767
005788
005804
005809
005814
005823
005824
005828
005832
005836
005837
005853
005888
005895
005898
005908
005924
005956
005971
005974
005979
005998
006017
006022
006025
006037
006040
006051
006056
006059
006064
006072
006082
006091
006108
006138
006142
006147
006153
006164
006175
006179
006183
006191
006193
006200
006203
006205
006206
006211
006217
006223
006226
006243
006245
006254
006255
006261
006264
006283
006285
006289
006291
006295
006325
006363
006375
006376
006384
006389
006397
006418
006421
006422
006448
006456
006458
006495
006499
006502
006538
006539
006543
006552
006554
006562
006591
006606
006616
006644
006661
006675
006687
006697
006700
006704
006717
006724
006730
006736
006750
006776
006787
006801
006817
006820
006825
006830
006838
006859
006861
006877
006880
006904
006934
006940
006952
006957
006963
006965
006972
006983
006988
006991
006993
006995
007002
007009
007025
007044
007054
007058
007060
007090
007099
007106
007113
007153
007167
007171
007175
007186
007189
007192
007195
007203
007206
007224
007236
007245
007248
007251
007259
007264
007270
007298
007306
007308
007320
007321
007324
007357
007372
007387
007393
007394
007404
007425
007428
007429
007457
007472