004252
007372
005421
000760
007296
005902
002865
004856
003656
001865
001309
006927
005693
005314
002377
003085
002077
002837
006149
003768
005435
005508
000380
004997
006467
001510
006580
006557
004346
006214
007370
002842
006630
005225
005200
003327
003720
002792
005665
004018
005866
003825
007025
002445
005286
002527
006615
002588
007007
000082
005562
005767
003475
004308
005518
007362
005394
005604
003026
004977
003829
004828
004484
002779
001486
006056
005624
003993
007195
002269
000513
005719
000933
002133
006774
004590
005387
001202
004729
004394
000598
005398
005771
004690
005003
000511
005641
006459
007046
003525
001476
006985
000171
000003
005361
005283
002199
004957
002510
003262
003786
000975
006697
006108
000348
004283
005896
003209
007020
001219
005908
