000003
000014
000054
000079
000091
000138
000535
000605
000690
000693
000788
000950
001171
001315
001340
001369
001371
001405
001455
001462
001518
001539
001829
001955
002053
002265
002289
002456
002614
002784
002981
003079
003113
003267
003303
003664
003717
003745
003833
004274
004328
004428
004448
004575
004662
004819
004901
004939
005029
005048
005142
005148
005177
005455
005501
005513
005592
005716
005983
006092
006124
006134
006241
006299
006327
006337
006654
006708
006864
006957
007096
007245
007454
007457
