000000
000013
000038
000041
000043
000070
000208
000217
000259
000276
000306
000318
000330
000418
000552
000665
000695
000709
000713
000822
000886
000888
000934
000992
001032
001033
001038
001080
001100
001297
001327
001404
001417
001444
001541
001544
001548
001571
001604
001637
001646
001651
001659
001673
001743
001827
001894
001939
001948
001968
001973
002070
002132
002150
002203
002324
002407
002449
002467
002485
002508
002576
002718
002734
002874
002886
002990
003009
003028
003077
003079
003098
003111
003147
003171
003205
003238
003243
003267
003290
003291
003328
003420
003444
003455
003498
003545
003638
003754
003773
003806
003840
003871
003912
003941
003985
004053
004058
004133
004178
004181
004236
004244
004261
004267
004276
004310
004346
004375
004413
004478
004590
004595
004605
004627
004674
004727
004823
004827
004841
004845
004878
004910
004930
004957
004984
004987
005044
005066
005098
005100
005111
005123
005243
005254
005258
005300
005348
005446
005527
005612
005620
005654
005671
005690
005721
005767
005824
005832
005836
005908
005924
005971
005979
006056
006064
006147
006206
006211
006289
006291
006384
006389
006397
006418
006552
006700
006704
006817
006859
006861
006877
006904
006940
006952
006965
006995
007099
007167
007171
007186
007189
007192
007306
007428
