003154
003460
000523
000918
003687
005946
000210
003440
003626
002689
002238
004031
004641
006242
004498
006609
003589
003356
002236
002524
002884
006285
003317
000903
002252
005622
000888
002181
004781
000041
000099
007248
007245
005446
000482
003867
000764
004080
006037
004796
006166
006400
005092
003875
003697
000633
004560
006848
005705
001520
003149
000146
002972
001595
001785
006769
003485
003699
001598
005934
006172
001930
001231
001085
004088
003839
002688
002834
006157
003576
002623
007191
004789
007363
