007173
005374
004478
001482
005549
000753
002155
007248
005875
001434
003889
001496
006562
005142
004193
006642
000975
000529
003475
000363
006919
004991
006279
002190
000405
002244
006142
004015
006112
005718
000055
006017
005440
004980
003644
001161
006431
004106
000905
003208
003845
003989
004378
003498
004197
002634
003810
006000
006255
000651
005755
006105
001791
003851
000994
005439
004614
002129
004078
001906
007321
003772
003713
001630
003274
000306
007414
000871
006443
003904
001663
000416
000927
002487
003806
000703
005497
001468
001646
005508
003389
001151
002627
006140
004723
004728
007257
005604
000245
005442
005798
003111
003581
005983
004030
005527
001571
006500
002321
006237
003510
000364
004833
002401
007338
005954
006904
002778
007045
003377
001672
004476
006458
003362
000375
005277
004670
003843
007224
005083
003020
000165
004331
003382
005567
002591
005324
000120
006892
001414
005364
004901
004022
006209
005314
001319
006138
002270
004504
004765
000162
007073
007064
002015
005845
001310
000490
000145
