000003
000014
000054
000079
000091
000138
000176
000189
000310
000371
000535
000584
000587
000605
000656
000690
000693
000788
000950
000955
001160
001171
001315
001340
001369
001371
001400
001405
001455
001462
001518
001534
001539
001559
001692
001739
001816
001826
001827
001829
001866
001955
002053
002063
002067
002096
002119
002154
002189
002261
002265
002281
002289
002409
002456
002614
002784
002855
002913
002981
003079
003113
003267
003285
003303
003499
003525
003613
003636
003664
003680
003693
003717
003745
003784
003815
003833
003895
004176
004216
004236
004274
004328
004372
004428
004448
004537
004575
004595
004606
004662
004690
004819
004834
004900
004901
004923
004939
004955
005029
005048
005142
005148
005177
005407
005411
005455
005501
005513
005592
005605
005608
005637
005657
005716
005788
005862
005908
005920
005964
005983
006081
006092
006124
006134
006188
006241
006299
006327
006337
006362
006398
006617
006621
006654
006708
006810
006864
006877
006920
006940
006949
006957
007096
007189
007245
007454
007457
