006037
004080
002834
004031
002053
003626
002689
006376
001122
005027
002884
006661
000411
001520
004371
002023
003598
000326
006769
000982
004071
007124
006414
002238
002688
006459
003440
001343
006166
003867
006242
006172
005446
004793
002768
005016
005946
004179
003356
006864
000764
004560
007142
001464
001085
000041
000951
000633
003149
001964
001598
001930
000129
007239
000565
000464
001323
003485
003378
003317
003656
003839
005769
007041
006952
000482
004789
005300
004498
007363
006134
000523
000146
001595
003697
002524
004781
004052
003725
002181
007259
006157
003792
004796
006673
003576
007099
000903
004663
005742
000918
005622
004088
001231
003696
006109
002554
005705
004641
003875
000888
006609
007248
004577
005092
005934
003460
003603
005533
005874
000013
005012
002252
002321
002041
006848
000014
003947
006400
006774
003963
001785
003589
002954
002591
007191
006736
002507
007245
001321
006585
006285
003263
006239
003699
000210
003093
004039
002236
001951
007209
003687
001493
003154
000099
002887
002972
002623
