001907
000817
005888
007355
003672
003186
002274
006648
004736
004276
001311
002555
004872
003871
000271
003380
000592
001908
006616
003721
003789
004413
000123
002145
003596
003381
000086
006790
000442
004605
007248
002237
003806
006817
004145
001093
002067
007237
001062
005781
004231
006223
005692
003843
006683
001028
003414
006985
005428
001468
002449
005871
005993
000092
001151
006303
001325
003855
000627
005235
004200
002249
005414
000490
003424
007191
003541
001970
002738
005518
003561
002718
000538
000883
006463
001103
005132
005768
000456
001418
000298
000113
004471
001784
001512
002716
006242
000080
002189
002932
001570
006840
004484
002897
004176
004320
000165
004052
002466
000232
001240
003928
001572
002588
004991
004498
006142
000845
001402
002088
001646
