000038
000068
000073
000083
000097
000109
000130
000172
000177
000275
000282
000286
000310
000371
000520
000538
000585
000678
000689
000880
000882
000921
000941
000975
001045
001277
001313
001390
001401
001464
001467
001476
001506
001548
001674
001811
001816
001819
001837
001850
002003
002016
002199
002213
002278
002324
002381
002431
002453
002456
002512
002537
002553
002560
002573
002605
002642
002754
002781
002824
002886
002929
002941
002986
003002
003086
003261
003286
003320
003420
003427
003578
003606
003670
003685
003687
003694
003713
003784
003810
003815
003825
003850
003862
003865
003882
003903
003944
003997
004053
004146
004179
004252
004297
004355
004442
004461
004505
004559
004723
004795
004841
004936
004964
005005
005043
005207
005248
005278
005332
005373
005394
005454
005468
005491
005608
005622
005663
005774
005849
005964
005973
005992
005998
006007
006143
006259
006283
006319
006571
006599
006616
006672
006699
006700
006739
006750
006766
006911
006926
006972
007021
007025
007035
007045
007075
007239
007460
