001404
006663
002067
003391
001061
006191
000934
001126
005688
003380
006545
005771
007320
006230
001484
004390
000522
005770
006848
006552
002691
003184
000954
002943
005874
005604
004613
006180
000921
007455
000438
003512
003613
002484
006769
004062
001498
005115
001777
006242
006875
006926
003241
002485
002247
004400
004498
006428
001282
005401
000511
005682
006089
002550
003704
002587
002941
005419
005011
004577
003051
005468
001473
002513
002364
002031
001048
000913
004731
003745
000254
005387
005130
005758
003377
006090
004654
006528
001204
002838
002551
003863
004181
003930
004923
000412
006157
002143
002904
004417
003154
001529
005953
000529
003825
002493
001024
002703
005959
006826
004273
001210
005406
000720
006082
001428
003264
004916
002189
006877
003766
