003499
004446
002784
007189
000656
003289
006124
005920
000584
006337
003784
001827
007096
005788
006877
001518
003613
003362
005862
003833
004900
006621
002189
006920
002456
001405
002409
005177
007245
006940
002938
002981
005142
005411
001400
006864
005781
000535
005733
003267
004372
000003
006299
002281
005148
006081
002289
000054
000587
005637
001371
004606
003815
004690
001369
001826
001987
003745
003581
001739
006480
002261
002855
004563
004479
005908
005501
003680
007156
006840
005605
005407
000788
001829
