001405
003613
005920
002119
000955
006327
001171
001826
003303
007140
005781
002913
001400
006840
000371
004690
003362
004819
006081
000091
000054
002456
006480
004563
002855
005142
003833
006940
004448
002929
007096
001518
005862
003267
006864
005407
005733
005029
007245
003815
001315
003784
004428
001866
000584
007156
004662
006877
004372
001739
003693
002053
000656
001987
000535
002067
000788
003289
002823
005987
000121
006134
004446
002281
001829
002409
006957
006188
005716
006708
003895
006299
006337
001371
000189
006617
005148
002784
003745
005908
007454
004939
006920
005605
005411
003499
005637
000003
005501
007189
001369
002261
001827
005788
002981
006621
002938
003680
003113
002289
004606
000587
004781
004900
003581
002189
006124
004176
005177
004479
001160
