007211
004316
004012
005928
004199
004024
000950
006006
004765
003968
007124
000016
001100
003334
003919
002204
001798
002632
000209
000358
004623
005612
001210
001373
001860
002716
005766
000617
004967
003040
005833
002736
001168
001692
004789
004005
004084
003008
004114
005259
002480
003381
004731
005670
001829
003681
005451
005646
004661
002609
000072
000954
002373
006690
002559
002561
001428
006138
002990
001056
007285
002270
004201
005130
001836
005254
002829
003253
006256
001811
002943
002263
001335
006428
003277
002996
001531
000034
003597
005232
003333
000009
000808
006467
004670
002197
002084
002637
003311
000501
005780
007370
005265
004165
003268
000447
003132
005480
005987
000418
004170
006972
002039
002333
000113
002175
003360
005608
004560
005749
002494
001434
005946
006476
005286
007388
002986
003274
000960
003413
005425
001338
006203
005023
000115
001505
005686
000918
006718
005306
004197
005092
003267
004376
005768
005314
001062
005115
000901
002688
002940
001512
005438
001777
000597
000500
000605
006205
