000009
000016
000034
000072
000112
000113
000115
000209
000358
000418
000447
000500
000501
000576
000597
000605
000617
000808
000901
000918
000950
001001
001062
001092
001100
001168
001290
001335
001338
001373
001385
001428
001434
001459
001505
001506
001692
001700
001731
001777
001798
001829
001860
002084
002175
002197
002204
002270
002333
002480
002494
002559
002561
002609
002632
002637
002643
002716
002736
002791
002829
002940
002943
002990
002996
003132
003267
003274
003277
003311
003333
003334
003360
003413
003541
003565
003597
003681
003823
003831
003919
003968
004005
004012
004024
004084
004114
004183
004197
004199
004316
004346
004560
004661
004670
004731
004765
004789
004819
004856
004967
005020
005069
005092
005130
005232
005254
005259
005265
005286
005288
005306
005314
005438
005451
005480
005564
005608
005612
005646
005670
005686
005756
005780
005809
005928
005946
005987
006138
006203
006205
006256
006341
006428
006459
006467
006476
006690
006718
006972
006998
007093
007124
007211
007285
007305
007370
007388
