005446
002688
003626
002053
003356
003460
001520
002591
005769
003725
004781
006172
002623
002023
006400
006285
005533
004088
005705
006774
000129
006952
003440
003149
006661
001598
003687
007124
005874
002238
003576
003697
002689
002834
006157
007248
003839
007363
003378
002252
002554
001231
000482
004789
003154
001085
005622
000903
004560
006609
003699
000210
003485
002884
005300
000014
000523
001785
000888
003317
002321
003867
000918
004663
000982
000013
000146
002181
006109
006037
003696
007239
007191
000633
005934
003875
004641
000764
004498
003656
002236
006769
006166
006673
004371
003589
002524
006848
005092
004577
001951
000951
004031
005016
000099
001930
006459
006414
007245
004796
000041
000326
002972
005946
001595
004080
003792
002887
002768
006242
003603
