000038
000068
000073
000083
000097
000172
000275
000678
000689
000880
001045
001277
001390
001506
001674
001811
001816
001819
001850
002003
002016
002213
002278
002324
002431
002537
002553
002573
002605
002754
002824
002886
003002
003086
003420
003427
003578
003606
003713
003815
003825
003997
004053
004179
004297
004355
004461
004505
004795
004841
005278
005332
005373
005394
005454
005468
005491
005608
005622
005663
005849
005973
005992
006143
006259
006599
006700
006739
006750
006766
006911
006926
007035
007045
