005768
004060
000788
003287
007155
004094
002932
002396
007220
003140
000460
004656
005809
001215
007441
003013
001321
004231
000821
007147
003205
007111
002550
000142
004273
006750
001832
003359
006988
002921
002582
001700
002654
000044
004230
006912
006183
000217
005091
003081
005446
004879
001310
002759
004204
000954
002549
004727
000215
006809
005608
001093
000780
000375
003377
003420
005263
001074
003518
002545
006347
006329
005358
007077
001358
000339
001796
000208
005902
002829
000157
001570
003636
006184
001827
007461
006572
000353
004755
004751
005733
006327
000972
004901
002024
000818
006916
001584
005750
006965
006835
004058
005395
003540
007282
006932
005853
005690
005137
003220
000412
000424
001041
004818
000105
002114
006827
005456
006239
003105
000575
004823
004194
001784
005248
004201
002589
004302
003687
001810
003166
005193
000987
006550
007264
006431
005956
006223
007460
001238
000796
004296
006231
000275
000672
006546
002361
000096
003801
005828
005904
000245
004559
005891
005084
004075
007203
004218
003729
000903
000685
007285
004965
002798
006261
006242
006352
005778
006021
003433
003369
001811
001968
000501
003297
002379
007192
000310
005223
002517
006814
005718
003320
004245
003698
005504
006285
001128
004442
002016
005224
005310
003293
001687
000552
