005766
005686
002716
003381
001168
002204
002632
005286
002688
001512
003597
005928
000418
001210
001692
005670
001335
000034
002039
006718
000113
005306
002559
005833
000209
006138
006256
001777
005265
000072
002373
005768
007370
005425
001811
002940
002270
003040
000597
004197
003311
001505
002637
004316
006476
001062
004201
007211
001056
004012
002175
004967
000901
004165
001829
000009
000358
000954
000500
003413
002263
000501
003333
000016
004670
004376
005480
006690
007285
004024
002561
005451
005023
004114
003267
002943
002333
005749
005646
003274
002996
005946
002480
007124
006203
000115
001428
002197
003253
005780
004731
000808
002990
006972
001100
004560
002084
001338
006467
005314
003334
005232
002829
006205
004005
003008
005612
005608
005115
007388
006006
