000412
000425
000438
000511
000522
000529
000632
000913
000921
000934
000954
001024
001049
001060
001061
001126
001181
001204
001210
001282
001311
001368
001404
001473
001498
001500
001520
001578
001609
001873
002031
002066
002067
002097
002189
002247
002316
002364
002375
002379
002484
002485
002493
002513
002550
002587
002691
002723
002795
002909
002943
002987
003154
003171
003184
003264
003377
003510
003512
003603
003694
003766
003773
003823
003863
003930
004062
004181
004390
004410
004417
004498
004575
004577
004731
005009
005011
005115
005130
005134
005225
005395
005406
005468
005533
005604
005758
005770
005771
005837
005874
005953
006000
006055
006073
006090
006157
006180
006191
006373
006458
006528
006552
006663
006769
006848
006875
006926
006949
007305
007320
