005768
002996
000597
002943
005766
001692
007388
002197
001777
006467
002373
006476
002084
003311
003253
005612
007370
006138
004560
005946
006256
005451
005686
006203
001428
003333
002990
000209
000808
007124
001512
005480
000501
005928
006690
000034
004967
004731
002204
002829
003597
005265
002637
002263
001062
005646
004201
004165
000072
003008
005314
003381
004316
000954
001505
003267
000901
001829
004024
004197
005425
006006
000358
002940
003040
005306
007285
005023
006205
002632
002688
002480
005833
001811
