003026
003720
005414
001486
007340
002389
004308
002517
003085
002204
003829
005896
007020
006927
005665
005866
005225
003485
002819
005398
005154
007025
004625
007007
006149
005518
004690
006467
005286
006090
007062
004729
004247
004018
005025
004252
002779
004590
002837
006877
001219
001784
006108
005508
005771
005320
003825
005003
005719
003786
005200
002588
006979
002133
005956
007296
006615
005767
002269
007372
002865
006214
005421
000511
007362
002507
000760
004957
005283
006245
001309
005902
000577
002842
001510
007046
006557
005033
005493
001385
005361
004828
001476
006774
002199
001202
002595
005314
004346
004218
002377
003282
005908
000003
000598
002510
000348
001568
004977
000038
000975
000933
001865
002077
006459
004394
003017
003656
005884
006697
006580
006985
000082
003525
005693
004997
000380
005641
003262
000513
003209
002792
003327
007141
002407
005435
002445
007393
005604
003475
004856
005394
002904
000171
006630
003993
002527
004283
005387
000730
007370
005624
005562
004484
006056
003768
007195
000957
