003944
001390
006926
005468
006672
007045
006259
004461
003865
002512
002642
004146
004053
001467
000689
002803
005964
005880
006750
005622
002573
005043
000073
000585
004559
006599
001401
003002
006111
006283
001816
003081
004320
000130
002213
000520
003815
000083
001850
005248
000538
000880
005663
001394
001811
007075
003850
006571
005401
005278
003687
001045
006616
006972
002431
006739
006911
004297
002941
005207
005973
002453
002016
001737
001464
000678
006700
001803
005608
001151
004252
002605
002986
005849
001476
002302
004795
001548
003086
007239
001759
001837
003606
002824
005373
003713
006319
003693
004279
006143
001614
002381
002926
005250
003784
005835
000371
003320
004276
000275
000941
002781
003286
000975
001819
002616
006766
004841
002553
001902
000038
