000013
000043
000208
000217
000259
000330
000418
000552
000665
000695
000709
000713
000888
000992
001032
001417
001444
001541
001637
001659
001743
001827
001894
001939
001948
001973
002150
002324
002407
002485
002508
002576
002718
002734
002874
002886
003009
003077
003098
003205
003238
003290
003291
003328
003455
003498
003545
003773
003806
003871
003912
004133
004181
004236
004310
004413
004478
004595
004605
004674
004827
004841
004845
004878
004910
004930
004957
004984
004987
005044
005100
005123
005243
005254
005258
005348
005446
005527
005620
005654
005671
005721
005824
005832
005836
005908
005971
006064
006147
006206
006211
006291
006384
006389
006397
006418
006700
006704
006859
006861
006877
006904
006952
006965
006995
007099
007167
007186
007189
007306
007428
