000013
000330
000418
000665
000709
000713
000888
000992
001417
001444
001637
001659
001827
001894
001939
001948
001973
002485
002508
002576
002734
002874
002886
003009
003205
003291
003328
003545
003806
003871
003912
004181
004236
004310
004413
004478
004595
004605
004674
004845
004878
004957
005044
005100
005243
005254
005258
005348
005446
005527
005620
005671
005721
005824
005836
005908
005971
006064
006291
006384
006418
006704
006859
006861
006877
006904
006952
006965
006995
007099
007186
007189
007306
007428
