000038
000068
000073
000083
000097
000172
000177
000275
000282
000286
000520
000585
000678
000689
000880
000921
000941
001045
001277
001390
001476
001506
001548
001674
001811
001816
001819
001850
002003
002016
002213
002278
002324
002431
002453
002537
002553
002560
002573
002605
002754
002781
002824
002886
002929
003002
003086
003286
003320
003420
003427
003578
003606
003685
003687
003694
003713
003784
003810
003815
003825
003850
003903
003997
004053
004179
004297
004355
004461
004505
004559
004723
004795
004841
004936
004964
005005
005043
005248
005278
005332
005373
005394
005454
005468
005491
005608
005622
005663
005774
005849
005964
005973
005992
006143
006259
006283
006319
006571
006599
006700
006739
006750
006766
006911
006926
006972
007025
007035
007045
007460
