000013
000014
000041
000099
000129
000146
000210
000316
000326
000411
000464
000482
000523
000565
000605
000633
000730
000764
000857
000888
000903
000918
000951
000982
001048
001085
001122
001181
001231
001321
001323
001343
001456
001459
001464
001493
001520
001595
001598
001618
001785
001806
001907
001930
001951
001964
002023
002041
002053
002134
002181
002236
002238
002252
002321
002363
002390
002507
002524
002554
002591
002623
002688
002689
002768
002834
002884
002887
002954
002972
003093
003149
003154
003263
003287
003317
003356
003362
003378
003440
003445
003460
003485
003576
003589
003598
003602
003603
003626
003656
003687
003696
003697
003699
003725
003792
003839
003867
003875
003947
003963
004031
004039
004052
004071
004080
004088
004179
004258
004371
004498
004499
004560
004577
004641
004663
004781
004789
004793
004796
004837
005012
005016
005027
005092
005300
005409
005419
005446
005508
005509
005533
005622
005705
005742
005769
005838
005874
005934
005946
005993
006037
006084
006109
006134
006157
006166
006172
006239
006242
006256
006285
006376
006400
006414
006459
006585
006609
006661
006673
006736
006769
006774
006848
006864
006952
006986
006998
007007
007041
007099
007124
007142
007167
007181
007191
007209
007239
007245
007248
007259
007354
007357
007363
007366
