002364
003613
006528
004273
005604
002189
005387
006545
004498
002143
002550
005011
002703
003154
004062
002941
001473
000934
004613
005771
006242
002484
003512
002551
006552
002513
006848
005953
001126
001404
006191
005770
005419
001428
004916
003241
001204
003930
005758
000254
007455
005959
000438
002943
003184
006157
004731
000511
004577
002587
004923
006180
003704
003766
004181
002067
001210
000913
004390
006428
000522
004654
006877
005874
003051
005468
003377
005401
002247
001061
005406
006230
006875
006769
