000082
000171
000313
000380
000577
000598
000629
000730
000845
000867
000957
001009
001309
001413
001476
001510
001568
001865
002077
002133
002199
002247
002269
002389
002445
002507
002510
002779
003017
003085
003475
003638
003656
003720
003786
003817
003825
004247
004252
004590
004690
004729
004801
004826
004908
004957
005033
005286
005361
005394
005398
005414
005508
005518
005767
005884
005956
006149
006400
006580
006615
006630
006697
006774
006875
006877
006979
006985
007025
007046
007062
007195
007340
007372
