006504
003561
000627
006303
001093
000092
003721
005781
004890
000123
002274
000317
007191
004498
004872
004484
002466
006147
005888
000883
003541
001541
000817
001062
005414
004286
004320
007248
001970
005204
005692
006790
000490
001325
002088
001311
001028
006616
005768
002105
003855
005993
007128
001646
003380
002718
004736
001103
005550
003381
004231
002249
006840
006223
001512
004179
000531
004894
000232
000086
002738
003596
000034
002716
000442
006648
001784
004145
004818
006242
002067
003672
006817
001418
001240
006683
004605
002313
006463
000165
000080
003663
001510
000456
005696
000298
004413
001570
003392
006142
001907
005518
002189
000990
004471
006985
002932
000271
000113
002145
002897
000087
001402
005428
003843
006382
005007
007237
004052
000304
002449
003414
000538
000845
003806
005871
003928
003040
004073
003789
001908
001601
003186
002555
004200
005132
001468
006049
001151
003424
000592
002588
005504
005549
004991
006231
007355
000895
003871
000929
005235
001607
005627
000978
004276
002237
004176
001572
