000412
000425
000438
000511
000522
000529
000921
000954
001024
001049
001060
001061
001126
001181
001204
001210
001368
001404
001473
001500
001520
001609
001873
002031
002066
002097
002189
002247
002316
002375
002379
002484
002493
002513
002550
002587
002723
002795
002909
002943
003154
003184
003264
003510
003512
003694
003766
003773
004062
004181
004390
004575
004577
004731
005009
005115
005395
005533
005770
005837
005874
006000
006055
006073
006090
006157
006180
006373
006458
006528
006552
006848
006875
006926
