000286
001850
001031
001401
002003
001548
005774
001390
006750
003944
004509
004320
003286
000520
004279
003815
002754
002431
000585
001464
005248
004146
002213
006571
004461
001902
002886
001614
004252
005250
004355
000073
000371
001837
003687
005973
005373
001816
007075
002302
005207
001394
000975
002981
005043
003670
002781
007393
001803
000275
005849
002941
006616
003693
006926
003002
003825
000130
001506
006672
006143
004795
006700
004053
002803
000466
000282
007400
007239
003320
000689
000709
003086
001674
000941
001045
004723
006319
001476
005622
003903
002986
005964
003784
000083
001759
006911
006007
002560
002926
007025
001313
005468
006766
005278
002573
000678
000038
002199
000538
004505
003865
005835
002381
001811
006739
006283
000310
002824
005992
003796
002512
003606
006599
007045
003713
004964
001467
004559
000097
002616
002553
001737
001277
004276
002605
003810
006259
002642
005663
003850
000954
004297
002016
005608
006111
000880
002453
004841
006972
003578
000882
003081
001151
000177
005880
001819
005401
