001219
007195
002077
005719
007362
001510
003829
006056
002133
005286
005508
005896
004997
000598
000348
002865
001476
003262
007007
000933
007020
005767
004346
004283
006774
002510
006985
005641
004252
007370
005003
007046
005435
005604
005225
003525
005394
005624
000760
006615
000513
005902
003327
006214
002792
004977
001486
006467
006580
000975
005771
006459
002199
005387
002842
004957
003786
005562
002269
000511
000171
005314
003026
002588
002779
005398
001202
003993
000082
004590
007025
006108
006927
005361
