006708
004563
002409
005407
001829
005987
005733
001534
005048
000014
006654
000535
006337
004595
003636
006134
005142
005831
003613
000310
001518
002784
003895
004216
006617
002281
006621
004690
003285
001171
007156
001827
005781
002456
001816
004479
005637
001405
004236
002096
005501
002067
004781
002265
004428
002189
004939
005411
000656
003113
001371
004606
003362
003815
006327
000070
000693
001400
006949
002063
003664
006081
001739
003289
001692
005029
000584
007454
000121
006810
000091
005605
005908
006480
005788
001955
006124
004900
002261
001462
005862
001949
005716
004819
004537
002119
007189
000189
007245
004955
001369
001160
000079
003745
003499
002491
000054
006188
004446
002031
006957
004957
005513
005920
000003
002938
000905
001826
003784
000371
001987
006920
000955
002823
006299
000788
004448
002981
006864
005148
007140
003833
002614
001866
006840
002913
006940
007096
002929
000587
003303
002289
001340
002053
003693
003267
004176
001939
004372
006092
003581
006877
003680
001315
006241
002855
004662
005177
