004498
005758
000853
005419
003766
002703
005959
002381
003437
005401
002943
001282
007179
002316
006179
000438
005406
006875
001181
003863
004102
006848
001404
000934
006082
003722
005770
002941
005130
002795
005682
006826
003391
001210
001453
006090
001578
002097
004577
006089
005134
006428
002904
001676
006877
002375
002364
002143
002587
002189
007320
001048
004400
005468
003613
003825
005115
005009
004923
001061
001428
003264
000511
002550
001777
002589
003184
005604
005011
004181
003512
005771
002691
005387
004410
003599
006545
007400
001484
005950
001520
005874
000254
004575
001204
006230
001024
002493
003154
006191
000529
002379
006926
006242
004062
004273
003713
001873
002067
000954
002247
006769
006180
007305
001500
006458
002838
003191
006552
006528
005953
004390
006157
000412
001126
001498
000522
004916
003930
007455
003051
002031
003377
006663
003745
002484
002513
002485
001529
004417
004613
003603
003241
000758
004197
000913
000921
002551
002679
001473
005688
002109
004654
004731
006073
003704
003380
000720
