000009
000016
000072
000112
000113
000115
000209
000358
000418
000447
000501
000597
000605
000808
000901
000918
001001
001062
001100
001290
001338
001373
001385
001428
001459
001505
001506
001692
001700
001731
001798
001829
001860
002197
002204
002333
002480
002494
002559
002609
002632
002637
002643
002716
002736
002791
002829
002940
002943
002990
002996
003267
003277
003311
003333
003334
003360
003413
003597
003823
003831
004005
004012
004084
004114
004183
004197
004316
004560
004661
004670
004731
004789
004856
004967
005069
005092
005130
005254
005259
005265
005286
005288
005306
005314
005438
005451
005480
005564
005608
005612
005646
005670
005686
005756
005780
005928
006138
006203
006205
006256
006341
006459
006467
006690
006972
006998
007124
007211
007285
007370
