000055
000057
000120
000145
000162
000165
000245
000285
000300
000306
000363
000364
000375
000405
000416
000490
000529
000651
000703
000753
000871
000905
000927
000975
000994
001151
001161
001310
001319
001408
001414
001434
001468
001482
001496
001571
001630
001646
001663
001672
001791
001901
001906
001993
002015
002099
002129
002155
002190
002222
002244
002270
002321
002401
002487
002591
002627
002634
002778
002832
003020
003111
003151
003208
003274
003314
003333
003362
003377
003382
003389
003392
003475
003498
003510
003581
003628
003644
003713
003772
003806
003810
003843
003845
003851
003889
003904
003939
003979
003989
004015
004022
004024
004030
004035
004078
004106
004193
004197
004304
004331
004375
004378
004399
004476
004478
004504
004614
004670
004723
004728
004765
004780
004833
004856
004901
004980
004991
005018
005083
005085
005142
005223
005277
005314
005324
005364
005374
005380
005439
005440
005442
005497
005508
005522
005527
005549
005550
005567
005604
005647
005716
005718
005755
005798
005845
005875
005954
005983
006000
006006
006017
006105
006112
006138
006140
006142
006209
006237
006255
006279
006298
006310
006431
006443
006458
006500
006562
006642
006892
006904
006919
007045
007064
007073
007090
007173
007224
007248
007257
007321
007338
007348
007414
007432
