005888
000845
000298
001062
006463
003561
000456
002274
004991
004413
000271
003380
002249
004471
007191
000817
004176
000080
006840
004320
003672
007355
006616
003855
000092
001028
001908
003806
003789
005428
005518
007248
005235
001093
000123
001103
004276
006223
002145
003186
002897
006985
002067
001468
001418
003541
005871
006817
006790
004498
005414
002449
002932
002588
005993
001570
000232
005781
000883
001646
006648
007237
003424
000086
001970
000592
000627
000538
001325
003381
003871
005132
001402
003843
