000003
000045
000082
000171
000313
000380
000406
000461
000513
000577
000598
000629
000730
000845
000867
000903
000933
000957
000975
001009
001202
001219
001309
001413
001455
001476
001486
001510
001568
001763
001865
002041
002077
002133
002199
002204
002247
002269
002377
002389
002407
002445
002507
002510
002517
002527
002587
002588
002595
002779
002819
002837
002842
002904
002936
002965
003017
003026
003085
003209
003282
003475
003485
003510
003638
003656
003686
003720
003786
003817
003825
003993
004018
004075
004247
004252
004308
004346
004484
004590
004625
004690
004729
004749
004801
004826
004828
004856
004908
004957
004977
004997
005033
005154
005200
005225
005286
005314
005344
005361
005387
005394
005398
005414
005421
005435
005508
005518
005624
005641
005665
005719
005767
005884
005896
005902
005956
006056
006090
006108
006149
006245
006400
006459
006467
006518
006580
006615
006630
006697
006774
006875
006877
006927
006979
006985
007007
007020
007025
007046
007062
007141
007195
007296
007340
007372
007393
007465
