003889
000165
001468
000120
006443
005440
003498
003389
003274
005549
006209
002155
006105
004022
006017
003845
006458
006431
000927
002487
005277
000651
004476
003806
005798
006904
007173
002190
005983
004980
005442
001151
004015
001434
005755
000975
003475
004728
002627
002591
006112
005083
004378
006255
000363
005364
006919
005508
003644
002321
001791
005527
000055
003810
000245
000529
000994
001161
006142
005324
005497
004106
003382
001496
003111
005845
007045
004078
003208
000871
006562
004723
000162
005954
000753
003904
001319
005567
002778
000490
006642
001630
003843
002634
002270
000375
001571
002015
004193
004504
002244
003851
005439
006138
004478
007064
001663
004331
004833
000703
004030
004670
005142
001414
004901
007321
004991
004614
001482
001672
003362
