000753
002778
004378
005439
000162
003382
002015
005440
005954
000375
005549
003475
000055
001630
004723
005567
001319
003810
004991
006904
003845
002244
003274
006431
004670
001663
000927
002591
006458
007045
006209
000871
004901
002487
005364
003498
006112
005142
005442
001496
005755
004478
001571
005083
003644
003843
000529
000245
005983
005845
004728
002155
004331
004193
007321
002634
003806
006105
006142
007173
001482
002190
004833
001468
000703
000490
007064
004022
003389
000165
005497
000651
000994
003851
