000016
000112
000113
000418
000501
000605
000808
000901
001062
001373
001385
001428
001506
001692
001700
001731
001829
001860
002197
002204
002333
002494
002559
002609
002632
002637
002643
002716
002940
002943
002996
003267
003277
003311
003333
003334
003360
003413
003823
003831
004005
004012
004084
004114
004183
004197
004316
004560
004670
004789
004856
005069
005130
005259
005286
005288
005314
005480
005564
005608
005612
005646
005670
005686
005756
005780
005928
006203
006341
006459
006690
006972
007124
007211
