002642
006143
004146
005835
003002
002016
005608
001045
004559
006111
003081
005973
002512
002381
003713
006766
002824
005248
000585
004276
005250
001464
004841
005880
000083
001902
002302
001737
006259
000941
002573
006616
005207
002926
003320
003693
004279
005622
004297
006926
003815
002213
005401
001614
000520
002803
006750
001476
000073
001850
001401
003606
004461
004795
002616
003784
005043
006319
001811
000689
001759
002553
000880
001803
000975
002781
003850
004053
005663
005964
000275
007239
006599
001548
