000254
000412
000425
000438
000511
000522
000529
000632
000853
000913
000921
000934
000954
001024
001048
001049
001060
001061
001126
001181
001204
001210
001278
001282
001311
001357
001368
001404
001428
001473
001498
001500
001520
001529
001578
001609
001777
001873
002031
002066
002067
002097
002109
002189
002247
002316
002364
002375
002379
002381
002402
002484
002485
002493
002513
002550
002587
002679
002691
002723
002795
002838
002843
002904
002909
002943
002987
003154
003171
003184
003191
003264
003377
003437
003510
003512
003603
003613
003694
003745
003766
003773
003823
003825
003863
003930
004062
004181
004390
004410
004417
004498
004575
004577
004731
004916
004923
005009
005011
005115
005130
005134
005204
005225
005387
005395
005406
005468
005533
005604
005682
005688
005758
005770
005771
005837
005874
005950
005953
006000
006055
006073
006082
006089
006090
006157
006180
006191
006242
006373
006428
006458
006528
006552
006663
006721
006769
006848
006875
006877
006926
006949
007179
007191
007245
007305
007320
007455
