000034
000044
000080
000086
000087
000092
000113
000123
000165
000232
000271
000298
000304
000317
000442
000456
000458
000466
000490
000531
000538
000549
000557
000592
000627
000713
000817
000821
000845
000883
000895
000929
000978
000990
001028
001062
001093
001103
001151
001159
001240
001311
001325
001402
001418
001468
001510
001512
001515
001541
001570
001572
001601
001607
001646
001784
001791
001819
001849
001907
001908
001970
001981
002067
002088
002105
002145
002189
002230
002237
002249
002274
002313
002449
002466
002555
002588
002716
002718
002738
002897
002899
002932
003040
003045
003079
003138
003186
003284
003380
003381
003392
003414
003416
003424
003541
003561
003596
003663
003672
003721
003789
003806
003843
003855
003871
003928
004052
004073
004093
004112
004127
004145
004176
004179
004200
004231
004276
004286
004320
004413
004436
004471
004484
004498
004605
004736
004749
004818
004872
004890
004894
004991
005007
005132
005204
005235
005408
005414
005428
005504
005518
005541
005549
005550
005627
005692
005696
005768
005781
005871
005888
005993
006049
006053
006089
006142
006147
006223
006231
006242
006262
006303
006309
006382
006463
006504
006616
006648
006681
006683
006790
006817
006840
006926
006985
007009
007092
007128
007137
007191
007237
007248
007305
007355
